1 100 5 10.0
1 102 3 11.0
1 104 4 12.0
1 106 2 13.0
1 108 6 9.5
1 110 5 8.5
1 112 3 7.5
1 114 2 6.5
1 116 4 10.5
1 118 3 11.5
1 120 5 12.5

2 100 2 9.0
2 102 3 8.5
2 104 1 7.0
2 106 2 6.5
2 108 3 7.5

3 100 5 15.0
3 102 4 14.0
3 104 3 13.0
3 106 2 12.0
3 108 6 11.0
3 110 5 10.0
3 112 4 9.0
3 114 3 8.0
3 116 2 7.0
3 118 3 6.0
3 120 4 5.0

4 130 5 20.0
4 132 4 19.0
4 134 3 18.0
4 136 2 17.0
4 138 6 16.0
4 140 5 15.0
4 142 4 14.0
4 144 3 13.0
4 146 2 12.0
4 148 3 11.0
4 150 4 10.0

5 100 1 5.0
5 102 1 5.5
5 104 1 6.0

6 100 5 10.0
6 102 5 10.5
6 104 5 11.0
6 106 5 11.5
6 108 5 12.0
6 110 5 12.5
6 112 5 13.0
6 114 5 13.5
6 116 5 14.0
6 118 5 14.5
6 120 5 15.0

7 120 2 7.0
7 122 2 7.5
7 124 2 8.0
7 126 2 8.5
7 128 2 9.0

8 100 3 10.0
8 102 3 10.5
8 104 3 11.0
8 106 3 11.5
8 108 3 12.0
8 110 3 12.5
8 112 3 13.0
8 114 3 13.5
8 116 3 14.0
8 118 3 14.5
8 120 3 15.0

9 130 4 9.0
9 132 4 9.5
9 134 4 10.0
9 136 4 10.5
9 138 4 11.0
9 140 4 11.5
9 142 4 12.0
9 144 4 12.5
9 146 4 13.0
9 148 4 13.5
9 150 4 14.0

10 100 2 6.0
10 102 2 6.5
10 104 2 7.0

11 100 6 10.0
11 102 6 10.5
11 104 6 11.0
11 106 6 11.5
11 108 6 12.0
11 110 6 12.5
11 112 6 13.0
11 114 6 13.5
11 116 6 14.0
11 118 6 14.5
11 120 6 15.0

12 100 3 8.0
12 102 3 8.5
12 104 3 9.0
12 106 3 9.5
12 108 3 10.0

13 100 7 15.0
13 102 7 15.5
13 104 7 16.0
13 106 7 16.5
13 108 7 17.0
13 110 7 17.5
13 112 7 18.0
13 114 7 18.5
13 116 7 19.0
13 118 7 19.5
13 120 7 20.0

14 100 2 5.0
14 102 2 5.5
14 104 2 6.0

15 130 3 12.0
15 132 3 12.5
15 134 3 13.0
15 136 3 13.5
15 138 3 14.0
15 140 3 14.5
15 142 3 15.0
15 144 3 15.5
15 146 3 16.0
15 148 3 16.5